38018
22498
11197
4920
4152
28734
2905
56190
953
30606
36617
61891
5922
13429
17446
44916
34566
15448
3363
57567
60206
47301
60931
55390
8446
51541
48045
8837
15400
7216
3645
7018
33371
9289
22710
60589
47763
39893
19600
11073
3105
26547
9623
16912
28006
7604
17615
38155
11256
20530
46995
13749
28897
50530
13759
43229
10417
7316
34241
35612
23029
20305
33577
27002
31283
29802
41747
23287
37678
12157
23726
27004
13638
3311
25209
41664
2357
30851
56818
24147
59647
4233
39534
27562
26168
24709
10254
7094
34994
57680
56446
33708
60647
53601
18298
40046
41671
43853
15496
39339
48329
53780
13513
46990
12735
24418
13002
60423
60185
48980
57849
9107
51797
7182
47870
40714
25711
14779
4384
29426
50818
48512
4629
16116
64742
26638
42182
51212
21200
19114
23387
59326
28037
44152
13621
6303
61510
14662
1285
2738
16142
13254
63871
64282
4815
3837
64391
53375
52115
54777
32278
8815
258
47658
39451
42092
37211
38845
13864
57172
65406
6364
52844
35778
2818
48284
45100
14336
8047
35097
5194
35491
8673
49659
6458
27105
48343
2446
50634
32213
6432
52020
50733
62153
54953
26133
47949
32578
33035
65374
44201
37279
61424
10195
24130
8490
23420
6551
4472
2189
5735
34007
8359
35413
7044
62691
13536
52523
95
22374
49813
50104
37782
11500
28905
15670
61639
14713
61024
22112
14060
1338
4267
24773
13742
15624
31509
44685
19424
43194
8992
48399
41643
24099
5225
38751
52842
31638
44825
15657
24036
47116
7756
34937
51990
43459
63806
49257
46004
47797
27079
28011
60423
21705
82
28731
27173
6763
47063
1254
51944
50076
61201
39326
15041
63361
5726
62456
23525
49055
1633
26782
44642
51287
55921
12238
28410
55822
28091
36472
37906
58366
23168
28359
54857
44415
27376
36150
45344
10328
37435
59351
14646
20275
48581
7682
5620
6789
35108
50546
64888
3154
16121
59773
47184
3301
44077
22420
63602
16229
28081
37816
37125
18961
18907
16026
52326
33445
18796
61390
32833
137
1989
32490
61036
50145
45553
2330
43277
44802
30577
43971
21306
50973
35275
37514
51611
7560
59360
7573
43545
30009
865
13989
21354
33766
12359
30409
57002
60452
54192
13601
43899
23047
30672
36823
21320
42630
33067
46389
2062
29506
60765
16900
59176
14556
43095
13828
54940
29116
63906
28229
25750
4704
56099
37056
29205
21347
46360
3073
25821
26715
45838
4724
13968
54812
21144
447
4285
62103
51608
19838
44267
46386
48814
2035
25989
26661
36255
25917
40471
19990
60119
56452
53295
48047
22420
49266
23305
3850
6997
39859
275
61167
45487
16721
27524
11846
5448
10611
54284
62760
33941
23638
9028
35992
14878
13430
2608
33953
48141
43331
21044
21176
29872
33382
23399
59267
697
54253
25010
52402
23426
58137
6028
54433
26361
9392
46622
17190
4860
24248
10209
6407
5726
12985
6432
5700
18858
61724
49920
25435
57438
46208
18037
10945
8124
27373
36504
53850
56369
52497
29216
52529
60005
57144
15245
25
24828
42773
50268
35959
35541
23169
57961
9160
31419
43170
21670
12354
32727
32415
34592
35856
10638
3417
8883
56515
61548
1234
13450
9314
1112
15948
59711
43283
44247
5600
4409
61375
19162
53681
27634
27132
35579
56889
43120
25558
3754
46699
3799
14090
37378
49768
25441
22405
56768
45525
6940
15407
8354
7745
55314
51212
17527
123
4629
48716
39047
34736
9326
4232
36914
40073
54466
54643
8362
9218
1400
20363
30471
26413
13129
17335
49058
48396
48032
40662
44073
13373
44323
64460
26169
59809
5798
29085
62442
33231
51189
24294
33226
51993
13464
58829
64905
30610
26707
62856
21821
38901
39123
5437
9272
42022
1247
27442
42650
27094
16661
31690
15354
53436
24963
57640
18061
35664
18428
22465
47690
11690
48577
16569
38498
53341
30099
33303
56758
3285
1618
4550
30775
23144
55233
40017
62167
22810
42887
32363
1149
34625
7604
39458
30794
64516
4919
39175
63242
45162
64162
40219
44698
28038
59936
44568
1352
52881
17793
53492
5194
48020
65027
26505
13901
2860
58501
30542
26969
29105
3821
52101
58589
51326
54402
39407
6397
60140
15216
44250
19120
44679
50583
60122
21359
49879
39095
63364
21366
55715
55204
12748
46330
19560
19652
24561
64878
24018
64128
18160
4796
12255
53823
24589
48271
61430
22261
737
59573
37657
49811
6444
11425
44161
61159
48202
61465
31209
41060
42592
56755
41304
21561
58284
38923
24166
41346
42706
11729
63211
61263
3637
30255
23362
25820
19496
61949
21195
53065
18587
18357
42135
54834
1303
10155
21554
26437
56163
50895
30147
15994
61602
1881
55631
60753
49696
27578
3389
42289
41640
38908
4685
18657
63351
11195
51589
13334
26313
21095
17755
40922
24579
27597
64643
17414
6838
31441
36153
39585
36449
42970
38156
5880
60804
38435
51717
26796
54014
49830
20575
2124
52617
51153
29264
26768
2678
36335
49091
10729
4830
62516
61633
6018
26006
56647
4265
55784
150
15057
49339
38344
63056
25017
12268
55750
2871
47863
35539
40596
9533
40765
37658
54603
28437
40083
6165
19264
21359
34953
44263
5302
34182
1594
4439
23280
54455
45262
54309
19150
29734
184
9764
249
7841
36434
12010
3307
17813
18348
25845
28082
32963
64545
1473
34845
14186
44532
17605
24181
64300
1058
48400
29690
3396
3076
7737
769
53253
65111
38153
6335
34095
42338
39147
28548
15804
15642
15061
31690
40402
37335
57225
41967
26427
53654
10188
27300
15125
65054
17364
60013
53270
28371
50673
10766
55850
1827
22982
61470
64171
5390
21243
980
29247
35336
30546
33886
42641
64060
34206
52061
21296
33428
62606
23624
58852
6123
2809
46636
53252
30911
32323
37181
49226
57829
3127
37594
50965
3443
19234
53905
25266
60480
3800
32303
42529
60876
2600
27584
60202
45767
44098
45932
23727
21331
61166
20910
47204
18148
53103
63978
52089
48909
22242
25319
50341
25719
25060
32659
41941
52327
8377
59364
64592
20802
37721
42226
22091
53312
62863
10685
45120
62932
12710
23752
41919
30620
29048
42713
15514
53793
55518
18031
41210
49367
20370
1656
48349
52008
7607
38774
32872
31058
31681
27959
11842
21084
14001
15934
16976
57584
12984
15841
45512
4789
4732
25734
32757
13279
9960
41767
46961
8847
15524
40488
57926
41611
63366
30751
48268
46276
27535
